"111" "112" "121" "122" "131" "132" "133" "141" "142" "211" "231" "242" "243" "311" "312" "313" "321" "322" "324" "333" "334" "412" "512" "523" "openings"
"111" 0 0 0 0 0 0 0 0 0 0 0 0 0 0 0 0 0 0 0 0 0 0 0 0 0
"112" 37.2108178204104 2302.43625351986 25.654978977139 5.35603945845779 0 0.581781561114596 11.0364463420445 30.8216392133674 6.0465444699314 0.0603010868047917 0.93307856576394 0.242307430664826 0.095017372079348 0 0.0212556027123552 0.000565359274162432 0 0 0.00133922788141975 0 0 0 0 0.0358348048678618 2420.53420081237
"121" 0 0.0109280036862501 73.9944512054625 0.0932990128671443 0 0 3.85553733511295 0 9.90635312345543e-06 0 0 0.0249489046111285 0 0 0 0 0 0 0 0 0 0 0 0 77.9791743680931
"122" 0 0.00196163283872678 0 84.5491714640312 0 0 0.0041540913977118 0 0 0.0219226601150918 0.0512888247421412 0.0194395902944539 0 0.000397589712779573 0 0 0 0 0 0 0 0 0 0 84.6483358531321
"131" 0 0 0 0 0 0 0 0 0 0 0 0 0 0 0 0 0 0 0 0 0 0 0 0 0
"132" 0 0 0 0 0 29.3711773709467 0 0 0 0.00454369505214086 0 0 0.0549604250037977 0 0 0.0178266316914416 0 0 0 0 0 0 0 0 29.448508122694
"133" 0 0 0 0 0 0 0 0 65.8764229135568 0 0.00193879559195638 0 0.0536334410098538 0 0 0 0 7.78589796477265e-05 0 0 0 0 0 0 65.9320730091383
"141" 0 51.9833606246711 13.4456047778367 26.817343830363 0 0 4.43314891653994 93.238039410865 0.00526367874308376 0 0 0.00447203897730715 0.081320254057551 0 0 0 0 0 0 0 0 0 0 8.50443375293046e-06 190.008562036488
"142" 0 0.591360626250915 0.000554343684832431 0 0 0.00835578395505711 0.000415563153228502 3.42341283405022e-06 467.290240318858 0.0547663297240139 0.0398533231373855 6.11888996370746 0.00202966102893972 0.0117855329955822 0.0909223267581265 0 0 0 0.0270050564550556 0 0 0.00127139435165581 0 3.35181239583724e-05 474.237487165597
"211" 0 0.206674028731878 0 8.76443728637041 0 46.1415134915879 39.0929340999577 0 61.8965294119246 323.936281140819 122.60065581271 69.1407040393099 0.543761261154165 6.08041487269537 8.38507566768292 16.0916656707261 0 0.00411922164991915 0.00115195588623836 0 0 0 0 0 702.885917961207
"231" 0 110.163367157694 5.64010189855041 37.8769318670651 0 4.77210787406447 96.4240120718016 0 183.322711593353 65.402781106605 2502.51070878313 160.91735698609 320.890232987216 14.2155368136072 13.2164206572612 23.074301134482 0 13.9634456434925 7.39864469534322 0 0 0.0238575941646367 0 0.0383510970358897 3559.85086996095
"242" 0 115.192389658219 0.000732625338275305 33.7482979876121 0 0 1.13825230351052 26.2796056049199 10.5661528117005 6.33315660888985 61.4501021961503 347.678466770497 250.355225838506 41.7861018572498 9.96014076697032 17.5892713077911 0 4.7846194261384 3.1884785033244 0 0 0.000466567749862796 0 0 930.051460834567
"243" 0 26.7018067177511 0 0 0 0.0428815348082346 1.43389714550857 0 0.00122062469270501 26.9002985319806 284.502133793023 0 757.207611407236 6.00136908002739 17.3107541585565 102.725833333417 0 20.0611034485173 11.3189157217534 0 0 0.0146381472841633 0 0 1254.22246364456
"311" 0 11.1995799951197 0 0.496341834288777 0 0 0 0 10.4403962568426 0.419047027504991 2.30939138121339 0 1.94484573853955 78.2505120162291 52.8775474378123 4.82009983784422 0 0.000647467200897557 2.06395565327928 0 0 0 0 0 164.822364645875
"312" 0 0.000909649312025183 0 0 0 0 8.6001448893018e-05 0 0.0896223824685545 6.87109918412421 9.48760864044547 0 5.89385548034087 25.7003771652798 1127.49947537654 0.450623496392488 0 3.69104393252185 232.698363256949 0 0 2.34570922864644 0 0 1414.72877379447
"313" 0 5.20530177399235 0 0 0 0.000433592435521149 0 0 0.193852103212336 9.89651635012876 33.6287416945756 0 7.46130813535793 92.2226286271743 60.5893547753713 264.677694642739 0 0 74.312259327848 0 0 0 0 0 548.188091022835
"321" 0 0 0 0 0 0 0 0 0 0 2.82046642959772 0 58.5465958131455 0 5.50311220125269 0 0 32.1644672407433 0 0 0 40.5063646947307 0 0 139.54100637947
"322" 0 0 0 0 0 0 0 0 0 0 0 0 0 0 0 0 0 0 0 0 0 0 0 0 0
"324" 0 4.06217284233062e-05 0 0 0 0 0 0 0.11048526789908 0.653945433719053 36.8006638263358 0.100206877870586 179.388664676663 30.2448101810326 531.64880018961 45.1231019428841 0 103.288422817768 488.055503680949 0 0 22.4455184775272 0 0 1437.86016399399
"333" 0 0 0 0 0 0 0 0 0 0 0 0 0 0 0 0 0 0 0 0 0 0 0 0 0
"334" 0 0 0 0 0 0 0 0 0 0 0 0 0 0 0 0 0 0 0 0 0 0 0 0 0
"412" 0 0.0312182965059041 0 0 0 0 0 0 0.0435513059951163 0 24.9612950347542 0 18.1325296849515 0.0394797810535344 50.6740261434574 0 0 2027.43259098756 27.5908063108085 72.2117274474943 0 1824.29279085919 0.0768664726425609 0 4045.48688232442
"512" 0 0 0 0 0 0 0 0 0 0 0 0 0 0 0 0 0 0 0 0 0 0.0330673924522814 45.1360332571636 0 45.1691006496159
"523" 0 0.0313856827506908 0 0 0 0 0 0.0323327602357495 7.62824636495989e-05 0 0 0 0 0 0 0 0 0 0 0 0 0 0 3.2770030167565 3.34079774220659
"closings" 37.2108178204104 2623.75653798911 118.736423828012 197.701862741056 0 80.9182512089124 157.418883870476 150.371620412801 805.883079327994 440.554659155468 3082.09792710117 584.246792602022 1600.65159217629 294.553413517057 1877.77688530398 474.570983357241 0 2205.39053804457 846.656423390478 72.2117274474943 0 1889.6636843561 45.2128997298062 3.35123094121796 17588.9362343217
