"111" "112" "121" "122" "131" "132" "133" "141" "142" "211" "231" "242" "243" "311" "312" "313" "321" "322" "324" "333" "334" "412" "512" "523" "openings"
"111" 45.9732408910283 0 0 0 0 0 0 0 0 0 0 0 0 0 0 0 0 0 0 0 0 0 0 0 45.9732408910283
"112" 0 2616.66454640033 0 0 0 0 0 0 9.79004095349873e-06 0 1.98511338692915e-05 0 1.66008031523257e-05 0 0 0 0 0 0 0 0 0 0 0 2616.66459264231
"121" 0 0 256.392778343491 0 0 0 0 0 0 0 0 0 0 0 0 0 0 0 0 0 0 0 0 0 256.392778343491
"122" 0 0 0 196.695135189525 0 0 0 0 0 0 3.97321134628739e-06 0 0 0 0 0 0 0 0 0 0 0 0 0 196.695139162737
"131" 0 0 0 0 0 0 0 0 0 26.385891099783 0 0 0 0 0 0 0 0 0 0 0 0 0 0 26.385891099783
"132" 0 0 0 0 0 0 0 0 0 0 0 0 0 0 0 0 0 0 0 0 0 0 0 0 0
"133" 0 0 0 0 0 0 30.9564811807354 0 0 0 0 0 0 0 0 0 0 0 0 0 0 0 0 0 30.9564811807354
"141" 0 0 0 0 0 0 0 92.8522791551603 0 0 0 0 0 0 0 0 0 0 0 0 0 0 0 0 92.8522791551603
"142" 1.06264549342252e-05 0 17.992819966671 0 0 0 0 0 794.248659574973 3.02111076417976e-06 0 0 8.31199486931548e-06 0 0 0 0 0 0 0 0 0 0 0 812.241501501204
"211" 0 0 0 0 0 0 9.44706308405743e-05 0 0 416.079595866266 10.2798609732615 0 15.4971510811454 0 0 0 0 0 0 0 0 0 0 0 441.856702391304
"231" 0 6.94925931750973 0 0 0 0 0 0 20.121400213565 31.3082806487373 3033.46603698379 18.6191493580553 8.68490082401537 0 1.10838404636494e-05 0 0 1.40638345747569e-05 1.08745331193001e-05 0 0 0 0 0 3119.14906336788
"242" 0 0 0 0 0 0 58.6943746050744 0 0 2.27458495511694e-05 0 466.017475925082 0 0 0 0 0 0 0 0 0 0 0 0 524.711873276006
"243" 0 7.79654915864993e-05 0 0 0 0 0 0 5.39681387729982e-06 0 0 0 1724.69411803049 0 0 0 0 0.000149693076612203 0 0 0 0 0 0 1724.69435108587
"311" 0 0 0 0 0 0 0 0 0 0 7.99152214133112e-06 0 0 578.101020999533 0 0 0 0 2.0484956193666e-06 0 0 0 0 0 578.101031039551
"312" 0 0 0 0 0 0 0 0 1.99538163290595e-06 0 6.27485735151578e-06 0 2.45498531270144e-06 0 1695.54105426722 0 0 54.4253950860489 30.6609908463981 0 0 0 0 0 1780.62745092489
"313" 0 0 0 0 0 0 0 0 3.40536492883515e-06 0 1.18217801185007e-06 0 0 0 0 370.797236781754 0 0 0 0 0 0 0 0 370.797241369297
"321" 0 0 0 0 0 0 0 0 0 0 0 0 0 0 0 0 0 0 0 0 0 0 0 0 0
"322" 0 0 0 0 0 0 0 0 0 0 6.34629341567766e-06 0 0 0 3.52921375198438e-06 0 0 3047.63259483637 0 0 64.2599491405668 0 0 0 3111.89255385245
"324" 0 0 0 0 0 0 0 0 0 0 6.42068107957448e-06 0 2.33203619757792e-05 9.78754575128773e-06 126.922244165263 0 0 42.4764391927032 452.986525061051 0 0 0 0 0 622.385247947606
"333" 0 0 0 0 0 0 0 0 0 0 0 0 0 0 0 0 0 0 0 27.5670868773873 0 0 0 0 27.5670868773873
"334" 0 0 0 0 0 0 0 0 0 0 0 0 0 0 0 0 0 0 0 0 0 0 0 0 0
"412" 0 0 0 0 0 0 0 0 0 0 0 0 0 0 2.71073217869654e-05 0 0 0 5.03427533999417e-07 0 0 1196.45496350902 0 0 1196.45499111977
"512" 0 0 0 0 0 0 0 0 0 0 0 0 0 0 0 0 0 0 0 0 0 0 25.4093712039835 0 25.4093712039835
"523" 0 0 0 0 0 0 0 0 0 0 0 0 0 0 0 0 0 0 0 0 0 0 0 7.49669680394743 7.49669680394743
"closings" 45.9732515174833 2623.61388368333 274.385598310163 196.695135189525 0 0 89.6509502564407 92.8522791551603 814.370080376139 473.773793381747 3043.74594999693 484.636625283137 1748.87622062379 578.101030787079 1822.46334015286 370.797236781754 0 3144.53459287203 483.647529333905 27.5670868773873 64.2599491405668 1196.45496350902 25.4093712039835 7.49669680394743 17609.3055652364
