"111" "112" "121" "122" "131" "132" "133" "141" "142" "211" "231" "242" "243" "311" "312" "313" "321" "322" "324" "333" "334" "412" "512" "523" "openings"
"111" 23.183634928764 3.31976702688211 10.7050000711135 0 0 0 0 0 0.00231042524119499 0 0 0 0 0 0 0 0 0 0 0 0 0 0 0 37.2107124520008
"112" 21.8653707903467 2487.98073417993 70.0536106698755 0.58727405587355 0 0 0 0.252325983591721 2.30895186651133 6.84234242045556 20.6208342409 0.262927591908818 17.7972859375872 0.30435841125117 0.162399173579703 2.00470152220586 0 2.77906694314178 0.0316043519910629 0 0 0 0 0.182932077861899 2634.03672021701
"121" 0 0.0363363017668277 118.119577528993 0.0385842248694207 0 0 0.306973750086054 0 0.127507875179029 0.104946249509148 0 0.00260201085767235 0 0 0 0 0 0 0 0 0 0 0 0 118.736527941261
"122" 0 0.928364297733945 0.108212703163332 193.575582623383 0 0 0.50381058480607 0 0.0134265908696641 0.0967367141669312 1.83326567046409 0.267723452033565 0.0412791695289636 0.063126156839214 0.271024812385788 0 0 0 0 0 0 0 0 0 197.702552775374
"131" 0 0 0 0 0 0 0 0 0 0 0 0 0 0 0 0 0 0 0 0 0 0 0 0 0
"132" 0 0 0.0271046080533835 0 26.3329364107397 0 0 0 0.0250080249144953 2.84926422001336 51.3456706909771 0 0 0.338415010807831 0 0 0 0 0 0 0 0 0 0 80.9183989655059
"133" 0 42.0802834766657 45.9088690482486 0.670625603606922 0 0 30.0784388048598 0 26.1202651154511 0.823525629822004 9.75915084207477 0.418071683420907 1.52757977058076 0.0313749040282253 0.000814024713103497 0 0 0 0 0 0 0 0 0 157.418998903472
"141" 0.944262180118266 56.3956657024903 0.00116930248043012 0.644669214654473 0 0 0 92.3060804122359 5.71635599207606e-05 0 0 0.119731226009435 0 0 0 0 0 0 0 0 0 0 0 0.049230813274727 150.460866014823
"142" 0.0512997151164479 0.843705057846933 0.0848573447184466 0 0 0 0 0.00266044017579651 779.828610368176 0.787142998945138 23.2759546572836 1.59751560622779 1.60605046414975 2.21055227971072 0.415579507131358 1.15503016893694 0 1.54949541579947 0.781037888650016 0 0 0 0 0.0329058157043992 814.222397728572
"211" 0 0.0207896516931747 0.757303827368292 0.278650435960395 0.042294719945133 0 0 0 0.195190742373118 349.861660741573 80.2732523416735 0.115848508600314 0.66113612934429 5.88960540075051 0.438930126949012 2.0061549120851 0 0 0.0138348198331423 0 0 0 0 0 440.554652358149
"231" 0 11.2329800511942 3.99494815509687 0.0125870574636243 0 0 0 0 1.65145777667124 1.37956433691607 2716.01612743865 52.7740658492846 213.8835373586 12.0556578772957 18.113003652062 21.3121350296315 0 0.951391450005879 28.685917884484 0 0 0 0 0.0809957799528883 3082.1443696973
"242" 0 0.317929668344036 6.63151322339657 0.77415680799796 0 0 0.0672778559022241 0.291262574869011 0.0819466265574337 71.5836369636581 41.26999196562 463.204313362822 0 0.00186778917524707 0 0.0230984085058044 0 0 0 0 0 0 0 0 584.246995246848
"243" 0 3.82079026091796 0 0.0831502499853985 0 0 0 0 0.962425632269436 4.70490781199751 116.133935042075 0 1343.36988735909 19.9155060536488 25.1954519963299 3.05866014523327 0 82.7852825076805 0.600739276261266 0 0 0.0214595232930168 0 0 1600.65219585878
"311" 0 6.13572694262337 0 0.000299357404836432 0 0 0 0 1.40320260382429 0.0596072748023033 0.73330607268115 5.86028888065019 3.42297134344981 255.11651684085 0.155839653245452 21.5750162343741 0 8.59701670963491e-05 0.0903107100139855 0 0 0 0 0 294.553171884087
"312" 0 0.544252857030093 0 0.00945731138070996 0 0 0 0 0.0159711344479796 0.250048103555642 15.0357122928351 0 9.1423617548996 44.2314457124304 1474.07748202138 0.0116219361506713 0 26.4330429466529 307.726887140255 0 0 0.299187298328261 0 0 1877.77747050935
"313" 0 4.07235872779982 0 0.0200598694683987 0.0106596553401054 0 0 0 0.0176176223368249 2.51345057094341 6.11810994618372 0 78.0555483993722 153.061116299108 0.314462605847704 230.388023873867 0 0 0 0 0 0 0 0 474.571407570267
"321" 0 0 0 0 0 0 0 0 0 0 0 0 0 0 0 0 0 0 0 0 0 0 0 0 0
"322" 0 0.0438208697413457 0 0 0 0 0 0 0.138876936118275 0 12.7023744878793 0 1.49946888530608 0.633344365448278 9.21126850761726 0 0 1964.64900535442 23.9543011184784 1.20969482511707 0 191.253765048757 0 0.095143068454289 2205.39106346734
"324" 0 0.00797653108839304 0 0 0 0 0 0 0.245679673164307 0 23.7021036176942 0.0889249002282472 49.4248081157989 84.1972995556867 249.608409866171 89.2629573639666 0 91.5668380144254 258.551794070468 0 0 0 0 0 846.656791708691
"333" 0 0 0 0 0 0 0 0 0 0 0 0 0 0 0 0 0 45.8543979729923 0 26.357409105805 0 0 0 0 72.2118070787973
"334" 0 0 0 0 0 0 0 0 0 0 0 0 0 0 0 0 0 0 0 0 0 0 0 0 0
"412" 0 0 0 0 0 0 0 0 0.00911845047033937 0 0.329245746786745 0 4.26256228462915 0.0508955946404969 2.66220399106383 0 0 888.046461520273 1.94933397920648 0 0 992.348522099437 0.0057812989254195 0 1889.66412496543
"512" 0 0 0 0 0 0 0 0 0 0 0 0 0 0 0 0 0 7.27725714789225 0 0 0 12.5320796142233 25.4036298165813 0 45.2129665786968
"523" 0.00222597090845673 0.172237113837414 0 0 0 0 0 0 0.137055740988367 0 0 0 0 0 0 0 0 0 0 0 0 0 0 9.13043554539517 9.4419543711294
"closings" 46.0467935852539 2617.95371871759 256.392166482508 196.695096812048 26.385890786025 0 30.9565009956541 92.8523294108724 813.284680369124 441.856834036358 3119.14903505377 524.712013072043 1724.69447697234 578.101082251672 1780.62686993848 370.797399594957 0 3111.89232524345 622.385761239641 27.5671039309221 0 1196.45501358404 25.4094111155067 9.57164310064337 17613.7861462929
